1292052
1291546
1295644
1292720
1292063
1291561
1295124
1292722
3541415
2131459
1292001
3793023
3011091
1291549
1292213
1291560
1291841
1292064
1300267
1291828
6786002
1849031
5912992
1307914
1292000
1293182
3319755
1889243
1291552
1929463
1291583
1291858
1851857
1293839
1292365
1299398
1293350
2129039
1900841
1292224
3442220
1298624
1309046
1308807
1299131
1306029
1291572
1291571
1291548
1296141
1292220
1292215
1292262
21937445
1291818
1296736
1292223
1301753
1787291
1780330
1303021
1294639
1292370
1294408
25662329
1291832
21937452
1485260
2149806
1293544
1291843
1292849
1292402
1292343
3072124
1292656
1292679
1297359
3742360
1297630
1291875
1418019
1291545
1291999
1316510
2334904
1305164
1292208
4917726
1297192
1292434
4268598
6985810
11525673
1298070
1293172
1418834
1296339
1652587
1294371
1305487
1295038
1291585
1291990
1297052
1293318
3008247
5322596
2353023
21318488
1292274
3443389
1293359
1297447
1295399
21360417
3287562
3792799
1417598
1578507
4202302
1865703
1295865
1292401
1291870
2209573
1300299
1304447
1292328
1296909
1907966
1291579
1291822
1303037
1978709
25814705
1302425
1293964
1937946
1292528
1297574
1309163
1293460
1418200
1294240
1300992
1295409
5989818
1858711
26430107
10777687
3011235
1302827
1306861
1291557
2297265
1760622
1291578
1397546
2213597
1388216
25980443
24750126
5964718
1291879
10577869
25917973
1306249
11026735
25814707
1419936
1292270
3395373
1308857
1300960
2363506
2043546
1395091
3011051
1308767
25773932
1304102
1305690
3007773
1793929
1292329
1293181
1307811
6874403
1300374
6307447
1292281
1291568
1292728
1905462
1291992
1296753
1303394
1291844
1959195
1307315
1307793
2300586
1292659
1291853
3075287
1294638
1292287
1401118
1292233
1302467
1292062
4798888
1293908
1292217
1438652
1292214
4739952
3217169
1297478
10463953
1308575
1299361
6534248
1305725
1428175
10808442
4023638
2053515
1302476
1300741
1308777
1862151
1867345
1300117
1292056
25724855
1298653
3157605
1293764
1301171
10533913
3073124
5908478
1299327
6146955
25807345
1293929
2222996
2365260
